Distinct Graphemes:
A => 0 1 1 0 0 
B => 1 0 0 0 0 
C => 0 0 0 0 0 
D => 0 1 1 1 0 
E => 0 0 0 1 1 
F => 0 0 1 0 1 
G => 1 0 1 1 1 
H => 1 0 0 1 1 
I => 0 0 1 1 1 
J => 1 0 1 0 1 
K => 1 0 0 0 1 
L => 0 1 0 1 0 
M => 0 0 1 0 0 
N => 0 1 1 1 1 
O => 0 1 0 0 0 
P => 0 1 1 0 1 
Q => 1 1 0 0 0 
R => 0 0 1 1 0 
S => 0 0 0 1 0 
T => 0 1 0 0 1 
U => 0 0 0 0 1 
V => 1 0 1 1 0 
W => 0 1 0 1 1 
X => 1 1 0 0 1 
Y => 1 0 1 0 0 
Z => 1 0 0 1 0 

Distinct Phonemes:
AA0 => 0 0 1 1 1 1 0 
AA1 => 0 0 1 0 0 1 1 
AA2 => 0 1 0 1 0 0 1 
AE0 => 0 1 0 0 0 0 1 
AE1 => 0 0 1 1 0 1 1 
AE2 => 0 0 1 1 1 0 1 
AH0 => 0 0 0 0 1 0 0 
AH1 => 0 0 0 1 1 1 0 
AH2 => 0 1 1 0 1 0 0 
AO0 => 0 1 0 1 1 0 1 
AO1 => 0 1 0 0 1 1 1 
AO2 => 0 1 1 0 1 1 1 
AW0 => 0 1 1 1 1 1 1 
AW1 => 0 1 1 1 1 1 0 
AW2 => 1 0 0 0 0 0 0 
AY0 => 0 1 1 1 0 1 0 
AY1 => 0 1 0 1 0 0 0 
AY2 => 0 1 1 1 0 0 1 
B => 0 0 1 1 1 0 0 
CH => 0 1 1 0 1 1 0 
D => 0 0 1 0 0 0 1 
DH => 1 0 0 0 1 0 0 
EH0 => 0 1 0 0 1 0 1 
EH1 => 0 0 1 0 0 1 0 
EH2 => 0 1 0 0 0 0 0 
ER0 => 0 1 0 1 1 0 0 
ER1 => 0 1 1 1 1 0 0 
ER2 => 0 1 1 1 1 0 1 
EY0 => 0 1 0 1 0 1 0 
EY1 => 0 0 1 1 0 0 1 
EY2 => 0 0 1 1 0 1 0 
F => 0 0 0 0 1 1 0 
G => 0 1 1 0 0 0 1 
HH => 0 1 0 0 1 1 0 
IH0 => 0 0 1 0 1 1 1 
IH1 => 0 0 0 1 0 0 0 
IH2 => 0 1 0 1 1 1 1 
IY0 => 0 0 1 0 1 0 0 
IY1 => 0 1 0 0 0 1 1 
IY2 => 0 1 0 0 1 0 0 
JH => 0 1 0 1 0 1 1 
K => 0 0 0 0 0 0 0 
L => 0 0 0 1 1 0 0 
M => 0 0 0 0 1 0 1 
N => 0 0 1 0 1 1 0 
NG => 0 1 1 0 0 1 1 
OW0 => 0 0 0 1 0 1 0 
OW1 => 0 0 1 0 1 0 1 
OW2 => 0 0 1 1 0 0 0 
OY0 => 1 0 0 0 0 0 1 
OY1 => 1 0 0 0 0 1 1 
OY2 => 1 0 0 0 0 1 0 
P => 0 0 0 1 1 1 1 
R => 0 0 0 0 1 1 1 
S => 0 0 0 1 0 0 1 
SH => 0 1 0 1 1 1 0 
T => 0 0 0 1 0 1 1 
TH => 0 1 1 1 0 0 0 
UH0 => 0 1 1 1 0 1 1 
UH1 => 0 0 1 0 0 0 0 
UH2 => 0 1 1 0 1 0 1 
UW0 => 0 1 1 0 0 1 0 
UW1 => 0 0 0 0 0 1 0 
UW2 => 0 1 0 0 0 1 0 
V => 0 1 1 0 0 0 0 
W => 0 0 0 1 1 0 1 
Y => 0 0 0 0 0 0 1 
Z => 0 0 0 0 0 1 1 
ZH => 0 0 1 1 1 1 1 